0.0130005, -1.4974, -29.3856
0.0800171, -1.484, -29.1238
0.146973, -1.47061, -28.8934
0.213989, -1.4572, -28.5984
0.281006, -1.4438, -28.3132
0.348022, -1.4304, -28.1395
0.414978, -1.417, -27.838600000000003
0.481995, -1.4036, -27.5516
0.549011, -1.3902, -27.2957
0.616028, -1.37679, -27.0203
0.682983, -1.3634, -26.7
0.75, -1.35, -26.4754
0.817017, -1.3366, -26.2468
0.883972, -1.32321, -25.9909
0.950989, -1.3098, -25.6668
1.01801, -1.2964, -25.4363
1.08502, -1.283, -25.1394
1.15198, -1.2696, -24.813200000000002
1.21899, -1.2562, -24.5418
1.28601, -1.2428, -24.209699999999998
1.35303, -1.22939, -24.022199999999998
1.41998, -1.216, -23.7234
1.487, -1.2026, -23.45
1.55402, -1.1892, -23.2058
1.62097, -1.17581, -22.916800000000002
1.68799, -1.1624, -22.6512
1.755, -1.149, -22.3816
1.82202, -1.1356, -22.1277
1.88898, -1.1222, -21.867900000000002
1.95599, -1.1088, -21.5964
2.02301, -1.0954, -21.3347
2.09003, -1.08199, -21.061300000000003
2.15698, -1.0686, -20.8074
2.224, -1.0552, -20.5475
2.29102, -1.0418, -20.2546
2.35797, -1.02841, -20.0202
2.42499, -1.015, -19.7214
2.492, -1.0016, -19.471400000000003
2.55902, -0.988196, -19.2233
2.62598, -0.974805, -18.9421
2.69299, -0.961401, -18.6179
2.76001, -0.947998, -18.3444
2.82703, -0.934595, -18.0749
2.89398, -0.921204, -17.799500000000002
2.961, -0.9078, -17.528
3.02802, -0.894397, -17.2702
3.09503, -0.880994, -17.0124
3.16199, -0.867603, -16.7155
3.229, -0.854199, -16.4635
3.29602, -0.840796, -16.192
3.36298, -0.827405, -15.920600000000002
3.42999, -0.814002, -15.7428
3.49701, -0.800598, -15.4811
3.56403, -0.787195, -15.2155
3.63098, -0.773804, -14.9264
3.698, -0.760401, -14.691999999999998
3.76501, -0.746997, -14.4205
3.83203, -0.733594, -14.1315
3.89899, -0.720203, -13.8873
3.966, -0.7068, -13.6198
4.03302, -0.693396, -13.3619
4.09998, -0.680005, -13.0748
4.16699, -0.666602, -12.8072
4.23401, -0.653198, -12.4361
4.30103, -0.639795, -12.1451
4.36798, -0.626404, -11.899000000000001
4.435, -0.613001, -11.6354
4.50201, -0.599597, -11.389299999999999
4.56903, -0.586194, -11.147
4.63599, -0.572803, -10.8346
4.703, -0.5594, -10.615799999999998
4.77002, -0.545996, -10.317
4.83698, -0.532605, -10.0553
4.90399, -0.519202, -9.80722
4.97101, -0.505799, -9.48105
5.03802, -0.492395, -9.27009
5.10498, -0.479004, -8.996640000000001
5.172, -0.465601, -8.72126
5.23901, -0.452198, -8.46344
5.30603, -0.438794, -8.19196
5.37299, -0.425403, -7.92244
5.44, -0.412, -7.68805
5.50702, -0.398596, -7.4536500000000006
5.57397, -0.385205, -7.14897
5.64099, -0.371802, -6.8696600000000005
5.70801, -0.358399, -6.58842
5.77502, -0.344995, -6.30717
5.84198, -0.331604, -6.02007
5.909, -0.318201, -5.7407699999999995
5.97601, -0.304798, -5.49662
6.04303, -0.291394, -5.21339
6.10999, -0.278003, -4.9262999999999995
6.177, -0.2646, -4.67629
6.24402, -0.251196, -4.3735599999999994
6.31097, -0.237805, -4.14114
6.37799, -0.224402, -3.81886
6.44501, -0.210999, -3.58839
6.51202, -0.197596, -3.3383700000000003
6.57898, -0.184205, -3.0825199999999997
6.646, -0.170801, -2.8286100000000003
6.71301, -0.157398, -2.59425
6.78003, -0.143994, -2.2915
6.84698, -0.130603, -2.0395600000000003
6.914, -0.1172, -1.73486
6.98102, -0.103796, -1.49655
7.04797, -0.0904055, -1.22117
7.11499, -0.077002, -0.949674
7.18201, -0.0635991, -0.69578
7.24902, -0.0501957, -0.445766
7.31598, -0.0368047, -0.0688212
7.383, -0.0234013, 0.290578
7.45001, -0.00999784, 0.536683
7.51703, 0.00340557, 0.769093
7.58398, 0.0167966, 1.03473
7.651, 0.0302, 1.31987
7.71802, 0.0436034, 1.58746
7.78497, 0.0569944, 1.83354
7.85199, 0.0703979, 2.10506
7.91901, 0.0838008, 2.37069
7.98602, 0.0972042, 2.62459
8.05298, 0.110595, 2.91757
8.12, 0.123999, 3.1773200000000004
8.18701, 0.137402, 3.4429600000000002
8.25403, 0.150805, 3.69489
8.32098, 0.164196, 4.03087
8.388, 0.1776, 4.27696
8.45502, 0.191003, 4.53282
8.52197, 0.204394, 4.78867
8.58899, 0.217798, 5.02696
8.65601, 0.231201, 5.31601
8.72302, 0.244604, 5.59922
8.78998, 0.257995, 5.821890000000001
8.85699, 0.271399, 6.07971
8.92401, 0.284802, 6.39417
8.99103, 0.298205, 6.71253
9.05798, 0.311596, 6.9332199999999995
9.125, 0.325, 7.24769
9.19202, 0.338403, 7.5133
9.25897, 0.351794, 7.78677
9.32599, 0.365198, 8.040659999999999
9.39301, 0.378601, 8.30436
9.46002, 0.392004, 8.59926
9.52698, 0.405395, 8.85514
9.59399, 0.418798, 9.09144
9.66101, 0.432202, 9.40201
9.72803, 0.445605, 9.67154
9.79498, 0.458996, 9.88837
9.862, 0.4724, 10.152000000000001
9.92902, 0.485803, 10.4216
9.99597, 0.499194, 10.7184
10.063, 0.512597, 10.9606
10.13, 0.526, 11.2419
10.197, 0.539404, 11.509500000000001
10.264, 0.552794, 11.8141
10.331, 0.566198, 12.0485
10.398, 0.579601, 12.363
10.465, 0.593005, 12.6989
10.532, 0.606396, 12.902
10.599, 0.6198, 13.1891
10.666, 0.633203, 13.488
10.733, 0.646594, 13.700899999999999
10.8, 0.659997, 14.007499999999999
10.867, 0.6734, 14.2673
10.934, 0.686804, 14.4919
11.001, 0.700194, 14.82
11.068, 0.713598, 15.085700000000001
11.135, 0.727001, 15.3513
11.202, 0.740405, 15.581800000000001
11.269, 0.753796, 15.849300000000001
11.336, 0.7672, 16.1169
11.403, 0.780602, 16.4118
11.47, 0.794005, 16.663800000000002
11.537, 0.807397, 16.9587
11.604, 0.8208, 17.1736
11.671, 0.834204, 17.4021
11.738, 0.847594, 17.6424
11.805, 0.860998, 17.997799999999998
11.872, 0.874401, 18.198999999999998
11.939, 0.887805, 18.4549
12.006, 0.901196, 18.8045
12.073, 0.914599, 19.0818
12.14, 0.928002, 19.3358
12.207, 0.941405, 19.615000000000002
12.274, 0.954797, 19.8709
12.341, 0.9682, 20.1521
12.408, 0.981604, 20.4021
12.475, 0.994994, 20.6619
12.542, 1.0084, 20.947100000000002
12.609, 1.0218, 21.242
12.676, 1.0352, 21.4647
12.743, 1.0486, 21.7732
12.81, 1.062, 22.005699999999997
12.877, 1.0754, 22.2517
12.944, 1.08881, 22.544800000000002
13.011, 1.1022, 22.802500000000002
13.078, 1.1156, 23.0623
13.145, 1.129, 23.3299
13.212, 1.14239, 23.6014
13.279, 1.1558, 23.9021
13.346, 1.1692, 24.142400000000002
13.413, 1.1826, 24.3748
13.48, 1.196, 24.6795
13.547, 1.2094, 25.0213
13.614, 1.2228, 25.2967
13.681, 1.23621, 25.5702
13.748, 1.2496, 25.83
13.815, 1.263, 26.093600000000002
13.882, 1.2764, 26.316300000000002
13.949, 1.28979, 26.6112
14.016, 1.3032, 26.9022
14.083, 1.3166, 27.16
14.15, 1.33, 27.4354
14.217, 1.3434, 27.644399999999997
14.284, 1.3568, 27.9452
14.351, 1.3702, 28.2069
14.418, 1.38361, 28.5272
14.485, 1.397, 28.787
14.552, 1.4104, 28.9999
14.619, 1.4238, 29.306600000000003
14.686, 1.43719, 29.6072
14.753, 1.4506, 29.8046
14.82, 1.464, 30.0721
14.887, 1.4774, 30.3964
14.954, 1.4908, 30.636599999999998
15.021, 1.496, 30.726499999999998
15.089, 1.4824, 30.4452
15.156, 1.46899, 30.1542
15.223, 1.45559, 29.9256
15.29, 1.4422, 29.7031
15.357, 1.4288, 29.4217
15.424, 1.41539, 29.1366
15.491, 1.40199, 28.8788
15.558, 1.3886, 28.6053
15.625, 1.3752, 28.3612
15.692, 1.36179, 28.0721
15.759, 1.3484, 27.790899999999997
15.826, 1.335, 27.5292
15.893, 1.32159, 27.2714
15.96, 1.30819, 26.9764
16.027, 1.2948, 26.7499
16.094, 1.2814, 26.517400000000002
16.161, 1.26799, 26.1873
16.228, 1.25459, 25.913899999999998
16.295, 1.2412, 25.6249
16.362, 1.2278, 25.3905
16.429, 1.21439, 25.1717
16.496, 1.201, 24.824
16.563, 1.1876, 24.5194
16.63, 1.17419, 24.2303
16.697, 1.16079, 23.9256
16.764, 1.1474, 23.685299999999998
16.831, 1.134, 23.454900000000002
16.898, 1.12059, 23.1502
16.965, 1.10719, 22.906100000000002
17.032, 1.0938, 22.617
17.099, 1.0804, 22.3787
17.166, 1.06699, 22.095499999999998
17.233, 1.0536, 21.8162
17.3, 1.0402, 21.566200000000002
17.367, 1.02679, 21.3338
17.434, 1.01339, 21.073999999999998
17.501, 1.0, 20.7869
17.568, 0.986597, 20.4998
17.635, 0.973193, 20.242
17.702, 0.95979, 20.0017
17.769, 0.946399, 19.7107
17.836, 0.932996, 19.462699999999998
17.903, 0.919592, 19.156000000000002
17.97, 0.906189, 18.8806
18.037, 0.892798, 18.581799999999998
18.104, 0.879395, 18.3748
18.171, 0.865991, 18.1072
18.238, 0.8526, 17.782999999999998
18.305, 0.839197, 17.5154
18.372, 0.825793, 17.241999999999997
18.439, 0.81239, 17.0369
18.506, 0.798999, 16.788800000000002
18.573, 0.785596, 16.562199999999997
18.64, 0.772192, 16.236099999999997
18.707, 0.758789, 15.941099999999999
18.774, 0.745398, 15.7127
18.841, 0.731995, 15.435300000000002
18.908, 0.718591, 15.187199999999999
18.975, 0.7052, 14.915700000000001
19.042, 0.691797, 14.5798
19.109, 0.678394, 14.3532
19.176, 0.66499, 14.115
19.243, 0.651599, 13.863
19.31, 0.638196, 13.5701
19.377, 0.624793, 13.3063
19.444, 0.611389, 13.075899999999999
19.511, 0.597998, 12.7614
19.578, 0.584595, 12.4665
19.645, 0.571192, 12.128599999999999
19.712, 0.557801, 11.8727
19.779, 0.544397, 11.5973
19.846, 0.530994, 11.3161
19.913, 0.517591, 11.0836
19.98, 0.504199, 10.7751
20.047, 0.490796, 10.5641
20.114, 0.477393, 10.249699999999999
20.181, 0.46399, 9.993829999999999
20.248, 0.450598, 9.75749
20.315, 0.437195, 9.44497
20.382, 0.423792, 9.22817
20.449, 0.410401, 8.96645
20.516, 0.396997, 8.69887
20.583, 0.383594, 8.425450000000001
20.65, 0.370191, 8.13441
20.717, 0.3568, 7.892250000000001
20.784, 0.343396, 7.60705
20.851, 0.329993, 7.35316
20.918, 0.31659, 7.06799
20.985, 0.303198, 6.823869999999999
21.052, 0.289795, 6.52307
21.119, 0.276392, 6.251589999999999
21.186, 0.263001, 5.943
21.253, 0.249598, 5.7125
21.32, 0.236194, 5.40586
21.387, 0.222791, 5.10898
21.454, 0.2094, 4.82578
21.521, 0.195996, 4.622660000000001
21.588, 0.182593, 4.34727
21.655, 0.16919, 4.05821
21.722, 0.155798, 3.8198999999999996
21.789, 0.142395, 3.5796699999999997
21.856, 0.128992, 3.2847399999999998
21.923, 0.115601, 3.03085
21.99, 0.102198, 2.7730200000000003
22.057, 0.0887942, 2.52304
22.124, 0.0753908, 2.21053
22.191, 0.0619998, 1.9566000000000001
22.258, 0.0485964, 1.6870699999999998
22.325, 0.035193, 1.37652
22.394, 0.021399, 1.15777
22.461, 0.00799608, 0.89214
22.528, -0.00540733, 0.634335
22.595, -0.0188107, 0.321824
22.662, -0.0322018, 0.112829
22.729, -0.0456052, -0.31686699999999995
22.796, -0.0590086, -0.60203
22.863, -0.0723996, -0.838349
22.93, -0.085803, -1.07664
22.997, -0.0992064, -1.39889
23.064, -0.112609, -1.64696
23.131, -0.126001, -1.8872
23.198, -0.139404, -2.20752
23.265, -0.152807, -2.45166
23.332, -0.166211, -2.73682
23.399, -0.179602, -2.99072
23.466, -0.193005, -3.2485299999999997
23.533, -0.206409, -3.50635
23.6, -0.2198, -3.78566
23.667, -0.233203, -4.0903599999999996
23.734, -0.246606, -4.32082
23.801, -0.260009, -4.56497
23.868, -0.273401, -4.84426
23.935, -0.286804, -5.11379
24.002, -0.300207, -5.37551
24.069, -0.313611, -5.67046
24.136, -0.327002, -5.89506
24.203, -0.340405, -6.17436
24.27, -0.353808, -6.48881
24.337, -0.367199, -6.79349
24.404, -0.380603, -7.025919999999999
24.471, -0.394006, -7.35403
24.538, -0.407409, -7.57281
24.605, -0.420801, -7.82283
24.672, -0.434204, -8.08844
24.739, -0.447607, -8.37557
24.806, -0.46101, -8.60992
24.873, -0.474401, -8.93221
24.94, -0.487805, -9.1861
25.007, -0.501208, -9.432229999999999
25.074, -0.514599, -9.611889999999999
25.141, -0.528003, -9.98302
25.208, -0.541406, -10.2408
25.275, -0.554809, -10.4928
25.342, -0.5682, -10.7584
25.409, -0.581603, -11.022
25.476, -0.595007, -11.2643
25.543, -0.60841, -11.6002
25.61, -0.621801, -11.8189
25.677, -0.635204, -12.0514
25.744, -0.648608, -12.3561
25.811, -0.661999, -12.705699999999998
25.878, -0.675403, -12.975200000000001
25.945, -0.688806, -13.1725
26.012, -0.702209, -13.5221
26.079, -0.7156, -13.787700000000001
26.146, -0.729003, -14.0749
26.213, -0.742407, -14.336500000000001
26.28, -0.75581, -14.5338
26.347, -0.769201, -14.8697
26.414, -0.782604, -15.123700000000001
26.481, -0.796008, -15.401
26.548, -0.809399, -15.625699999999998
26.615, -0.822803, -15.9245
26.682, -0.836205, -16.0807
26.749, -0.849608, -16.3619
26.816, -0.863, -16.6393
26.883, -0.876403, -16.9166
26.95, -0.889807, -17.1198
27.017, -0.90321, -17.4382
27.084, -0.916601, -17.688200000000002
27.151, -0.930004, -18.0104
27.218, -0.943408, -18.237
27.285, -0.956799, -18.5553
27.352, -0.970202, -18.8249
27.419, -0.983605, -19.1237
27.486, -0.997008, -19.389400000000002
27.553, -1.0104, -19.6159
27.62, -1.0238, -19.9089
27.687, -1.03721, -20.1784
27.754, -1.05061, -20.4421
27.821, -1.064, -20.6472
27.888, -1.0774, -20.959699999999998
27.955, -1.09081, -21.233099999999997
28.022, -1.1042, -21.5027
28.089, -1.1176, -21.7742
28.156, -1.13101, -22.0359
28.223, -1.14441, -22.3015
28.29, -1.1578, -22.576900000000002
28.357, -1.1712, -22.8718
28.424, -1.18461, -23.0906
28.491, -1.19801, -23.3445
28.558, -1.2114, -23.6414
28.625, -1.2248, -23.9246
28.692, -1.23821, -24.1707
28.759, -1.2516, -24.4226
28.826, -1.265, -24.696099999999998
28.893, -1.27841, -24.9949
28.96, -1.29181, -25.272199999999998
29.027, -1.3052, -25.5711
29.094, -1.3186, -25.8835
29.161, -1.33201, -26.1492
29.228, -1.34541, -26.4206
29.295, -1.3588, -26.662899999999997
29.362, -1.3722, -26.9519
29.429, -1.38561, -27.2449
29.496, -1.399, -27.4383
29.563, -1.4124, -27.7683
29.63, -1.42581, -28.0496
29.699, -1.4396, -28.2586
29.766, -1.453, -28.5164
29.833, -1.46641, -28.791800000000002
29.9, -1.47981, -29.0535
29.967, -1.4932, -29.3113
30.034, -1.4936, -29.3289
30.101, -1.4802, -29.0789
30.168, -1.4668, -28.770300000000002
30.235, -1.45341, -28.549699999999998
30.302, -1.44, -28.3035
30.369, -1.4266, -28.0301
30.436, -1.41321, -27.756600000000002
30.503, -1.3998, -27.5027
30.572, -1.386, -27.2215
30.639, -1.37261, -26.9324
30.706, -1.3592, -26.6727
30.773, -1.3458, -26.3699
30.84, -1.3324, -26.1375
30.907, -1.31901, -25.8953
30.974, -1.3056, -25.598399999999998
31.041, -1.2922, -25.3328
31.108, -1.27881, -24.9949
31.175, -1.26541, -24.7254
31.242, -1.252, -24.448
31.309, -1.2386, -24.139400000000002
31.376, -1.22521, -23.910899999999998
31.444, -1.2116, -23.6668
31.511, -1.19821, -23.405
31.578, -1.1848, -23.127699999999997
31.645, -1.1714, -22.8503
31.712, -1.15801, -22.5984
31.779, -1.1446, -22.2878
31.846, -1.1312, -22.0554
31.913, -1.1178, -21.7976
31.98, -1.10441, -21.5183
32.047, -1.091, -21.241
32.114, -1.0776, -20.9773
32.181, -1.0642, -20.695999999999998
32.248, -1.05081, -20.4479
32.315, -1.0374, -20.1823
32.382, -1.024, -19.944
32.449, -1.01061, -19.639400000000002
32.516, -0.997205, -19.3855
32.583, -0.983801, -19.133499999999998
32.65, -0.970398, -18.8112
32.717, -0.957007, -18.5143
32.784, -0.943604, -18.2565
32.851, -0.9302, -17.9792
32.918, -0.916797, -17.7155
32.985, -0.903406, -17.444000000000003
33.052, -0.890002, -17.207700000000003
33.119, -0.876599, -16.9088
33.187, -0.863001, -16.6491
33.254, -0.849597, -16.3795
33.321, -0.836206, -16.0534
33.388, -0.822803, -15.9245
33.455, -0.8094, -15.692000000000002
33.522, -0.796008, -15.397099999999998
33.589, -0.782605, -15.1627
33.656, -0.769202, -14.8795
33.723, -0.755799, -14.6862
33.79, -0.742407, -14.3346
33.857, -0.729004, -14.051400000000001
33.924, -0.715601, -13.8072
33.991, -0.702197, -13.5124
34.059, -0.688599, -13.2154
34.126, -0.675208, -12.9693
34.193, -0.661804, -12.735
34.26, -0.648401, -12.315
34.327, -0.634998, -12.0846
34.394, -0.621607, -11.8307
34.461, -0.608203, -11.569
34.528, -0.5948, -11.287700000000001
34.595, -0.581397, -11.0142
34.662, -0.568006, -10.7349
34.729, -0.554602, -10.4615
34.796, -0.541199, -10.2408
34.863, -0.527808, -9.95177
34.931, -0.514197, -9.7037
34.998, -0.500806, -9.45957
35.065, -0.487402, -9.1861
35.132, -0.474, -8.91268
35.199, -0.460608, -8.598210000000002
35.266, -0.447205, -8.35409
35.333, -0.433802, -8.11188
35.4, -0.420398, -7.8169699999999995
35.467, -0.407007, -7.57477
35.534, -0.393604, -7.31692
35.601, -0.3802, -6.98881
35.668, -0.366797, -6.78373
35.735, -0.353406, -6.496630000000001
35.803, -0.339808, -6.17827
35.87, -0.326404, -5.90482
35.937, -0.313001, -5.64702
36.004, -0.299597, -5.32668
36.071, -0.286206, -5.1177
36.138, -0.272803, -4.8364400000000005
36.205, -0.2594, -4.56107
36.272, -0.246008, -4.26808
36.339, -0.232605, -4.012239999999999
36.406, -0.219202, -3.7602800000000003
36.473, -0.205799, -3.50439
36.54, -0.192408, -3.24267
36.607, -0.179004, -3.00244
36.675, -0.165406, -2.70166
36.742, -0.152002, -2.40478
36.809, -0.138599, -2.20362
36.876, -0.125208, -1.9165
36.943, -0.111804, -1.6235199999999999
37.01, -0.0984011, -1.39303
37.077, -0.0849977, -1.1469500000000001
37.144, -0.0716066, -0.850069
37.211, -0.0582032, -0.592263
37.278, -0.0448003, -0.330539
37.345, -0.0313969, 0.06204660000000001
37.412, -0.0180058, 0.37065299999999995
37.479, -0.00460243, 0.657772
37.547, 0.00899649, 0.899953
37.614, 0.0223994, 1.14801
37.681, 0.0358028, 1.42926
37.748, 0.0491939, 1.68706
37.815, 0.0625973, 1.87849
37.882, 0.0760007, 2.2574
37.949, 0.0893917, 2.50155
38.016, 0.102795, 2.7437300000000002
38.083, 0.116199, 3.0035000000000003
38.15, 0.129602, 3.27302
38.217, 0.142993, 3.55233
38.284, 0.156396, 3.8628700000000005
38.351, 0.169799, 4.08751
38.419, 0.183398, 4.36875
38.486, 0.196802, 4.6070400000000005
38.553, 0.210193, 4.87657
38.62, 0.223596, 5.13828
38.687, 0.236999, 5.40977
38.754, 0.250402, 5.68125
38.821, 0.263793, 5.94886
38.888, 0.277197, 6.27894
38.955, 0.2906, 6.5484599999999995
39.022, 0.303991, 6.823869999999999
39.089, 0.317395, 7.09729
39.156, 0.330798, 7.31801
39.223, 0.344202, 7.61096
39.29, 0.357593, 7.90592
39.357, 0.370996, 8.12465
39.424, 0.384399, 8.44108
39.491, 0.397802, 8.693010000000001
39.558, 0.411193, 8.989880000000001
39.625, 0.424597, 9.208639999999999
39.692, 0.438, 9.46644
39.759, 0.451391, 9.759450000000001
39.826, 0.464795, 9.97234
39.893, 0.478198, 10.2887
39.96, 0.491601, 10.5426
40.027, 0.504992, 10.829799999999999
40.094, 0.518395, 11.114899999999999
40.162, 0.531994, 11.3434
40.229, 0.545398, 11.6227
40.296, 0.558801, 11.8806
40.363, 0.572192, 12.1716
40.43, 0.585595, 12.4919
40.497, 0.598998, 12.7907
40.564, 0.612402, 13.0798
40.631, 0.625793, 13.322000000000001
40.698, 0.639196, 13.5974
40.765, 0.652599, 13.8161
40.832, 0.666003, 14.1189
40.899, 0.679394, 14.3942
40.966, 0.692798, 14.6267
41.034, 0.706396, 14.9333
41.101, 0.719799, 15.2107
41.168, 0.733203, 15.486
41.235, 0.746593, 15.7224
41.302, 0.759997, 16.0017
41.369, 0.7734, 16.2673
41.436, 0.786792, 16.523200000000003
41.503, 0.800195, 16.790799999999997
41.57, 0.813598, 17.0583
41.637, 0.827002, 17.2303
41.704, 0.840392, 17.5251
41.771, 0.853796, 17.781000000000002
41.838, 0.867199, 18.072
41.906, 0.880797, 18.3201
41.973, 0.894201, 18.5525
42.04, 0.907592, 18.907999999999998
42.107, 0.920996, 19.247799999999998
42.174, 0.934399, 19.4646
42.241, 0.947803, 19.7303
42.308, 0.961193, 20.0349
42.375, 0.974597, 20.281000000000002
42.442, 0.988, 20.5466
42.509, 1.00139, 20.7908
42.576, 1.01479, 21.0955
42.643, 1.0282, 21.4119
42.71, 1.0416, 21.5916
42.778, 1.0552, 21.872899999999998
42.845, 1.0686, 22.115000000000002
42.912, 1.08199, 22.3826
42.979, 1.0954, 22.650199999999998
43.046, 1.1088, 22.9315
43.113, 1.12219, 23.240000000000002
43.18, 1.1356, 23.447100000000002
43.247, 1.149, 23.74
43.314, 1.1624, 23.9842
43.381, 1.17579, 24.284899999999997
43.448, 1.1892, 24.5194
43.515, 1.2026, 24.8358
43.582, 1.216, 25.162
43.649, 1.22939, 25.4257
43.716, 1.2428, 25.6815
43.783, 1.2562, 25.9608
43.85, 1.26959, 26.2322
43.917, 1.283, 26.4803
43.984, 1.2964, 26.8104
44.051, 1.3098, 27.0213
44.118, 1.32319, 27.318199999999997
44.185, 1.3366, 27.5682
44.252, 1.35, 27.8202
44.319, 1.3634, 28.1307
44.386, 1.37679, 28.3495
44.453, 1.3902, 28.6248
44.521, 1.4038, 28.9139
44.588, 1.4172, 29.212799999999998
44.655, 1.4306, 29.454900000000002
44.722, 1.44399, 29.663999999999998
44.789, 1.4574, 29.8553
44.856, 1.4708, 30.207
44.923, 1.48419, 30.4881
44.99, 1.49759, 30.765500000000003
45.057, 1.4892, 30.587699999999998
45.124, 1.47579, 30.2987
45.191, 1.4624, 30.0545
45.258, 1.449, 29.7148
45.325, 1.4356, 29.5331
45.394, 1.4218, 29.246000000000002
45.461, 1.4084, 28.992
45.528, 1.39499, 28.7245
45.595, 1.38159, 28.456899999999997
45.662, 1.3682, 28.1737
45.729, 1.3548, 27.9374
45.796, 1.34139, 27.644299999999998
45.863, 1.328, 27.3866
45.93, 1.3146, 27.1483
45.997, 1.3012, 26.857300000000002
46.064, 1.28779, 26.620900000000002
46.131, 1.2744, 26.3065
46.198, 1.261, 26.0956
46.265, 1.2476, 25.7928
46.332, 1.23419, 25.5194
46.399, 1.2208, 25.2538
46.466, 1.2074, 24.992
46.533, 1.19399, 24.6385
46.6, 1.1806, 24.388499999999997
46.667, 1.1672, 24.0779
46.734, 1.1538, 23.816200000000002
46.801, 1.14039, 23.5643
46.868, 1.127, 23.292800000000003
46.935, 1.1136, 23.027199999999997
47.002, 1.1002, 22.7459
47.069, 1.08679, 22.433400000000002
47.136, 1.0734, 22.2674
47.203, 1.06, 21.9647
47.27, 1.04659, 21.699
47.337, 1.0332, 21.4119
47.404, 1.0198, 21.183400000000002
47.471, 1.0064, 20.8904
47.538, 0.992993, 20.6502
47.605, 0.979602, 20.394299999999998
47.672, 0.966199, 20.1931
47.739, 0.952796, 19.843600000000002
47.806, 0.939392, 19.560299999999998
47.873, 0.926001, 19.302500000000002
47.94, 0.912598, 19.023200000000003
48.007, 0.899195, 18.7928
48.074, 0.885803, 18.4334
48.141, 0.8724, 18.152099999999997
48.208, 0.858997, 17.941200000000002
48.275, 0.845593, 17.6287
48.342, 0.832202, 17.3689
48.409, 0.818799, 17.1619
48.476, 0.805396, 16.8981
48.543, 0.791992, 16.6111
48.61, 0.778601, 16.3689
48.677, 0.765198, 16.1091
48.744, 0.751795, 15.804400000000001
48.811, 0.738404, 15.534899999999999
48.878, 0.725, 15.3005
48.945, 0.711597, 15.0388
49.012, 0.698194, 14.741900000000001
49.079, 0.684802, 14.4743
49.146, 0.671399, 14.2107
49.213, 0.657996, 13.9704
49.28, 0.644593, 13.697
49.347, 0.631201, 13.4177
49.414, 0.617798, 13.1774
49.481, 0.604395, 12.945
49.548, 0.591004, 12.624699999999999
49.615, 0.5776, 12.2634
49.682, 0.564197, 12.0309
49.749, 0.550794, 11.738
49.816, 0.537402, 11.437199999999999
49.883, 0.523999, 11.2048
49.95, 0.510596, 10.9489
50.017, 0.497193, 10.6364
50.084, 0.483801, 10.419599999999999
50.151, 0.470398, 10.0934
50.218, 0.456995, 9.868829999999999
50.285, 0.443604, 9.58754
50.352, 0.430201, 9.27701
50.419, 0.416797, 9.05824
50.486, 0.403394, 8.816080000000001
50.553, 0.390003, 8.55824
50.62, 0.376599, 8.25162
50.687, 0.363196, 7.9996599999999995
50.754, 0.349793, 7.69691
50.821, 0.336401, 7.46642
50.888, 0.322999, 7.196899999999999
50.955, 0.309595, 6.917599999999999
51.022, 0.296204, 6.69495
51.089, 0.282801, 6.38832
51.156, 0.269397, 6.0465100000000005
51.223, 0.255994, 5.84142
51.29, 0.242603, 5.50157
51.357, 0.229199, 5.21835
51.424, 0.215796, 4.9722800000000005
51.491, 0.202393, 4.77109
51.558, 0.189002, 4.49376
51.625, 0.175599, 4.21836
51.692, 0.162195, 3.95665
51.759, 0.148804, 3.71638
51.826, 0.135401, 3.4703
51.893, 0.121997, 3.14217
51.96, 0.108594, 2.86287
52.027, 0.0952029, 2.6246
52.094, 0.0817995, 2.3863100000000004
52.161, 0.0683961, 2.03475
52.228, 0.0549932, 1.76128
52.295, 0.0416017, 1.52692
52.362, 0.0281987, 1.2593299999999998
52.429, 0.0147953, 0.980041
52.496, 0.00140429, 0.696829
52.563, -0.0119991, 0.521059
52.63, -0.0254025, 0.224171
52.699, -0.0391965, -0.166479
52.766, -0.0525999, -0.43795399999999995
52.833, -0.0660033, -0.691873
52.9, -0.0794063, -0.998505
52.967, -0.0927978, -1.2407000000000001
53.034, -0.106201, -1.5082799999999998
53.101, -0.119604, -1.81494
53.168, -0.133008, -2.10792
53.235, -0.146399, -2.31885
53.302, -0.159802, -2.6430700000000003
53.369, -0.173205, -2.8891500000000003
53.436, -0.186596, -3.12159
53.503, -0.2, -3.38524
53.57, -0.213403, -3.5942499999999997
53.637, -0.226806, -3.9048100000000003
53.704, -0.240198, -4.18215
53.771, -0.253601, -4.43802
53.838, -0.267004, -4.70949
53.905, -0.280407, -5.01419
53.972, -0.293798, -5.23292
54.039, -0.307202, -5.51616
54.106, -0.320605, -5.79545
54.173, -0.333996, -6.05132
54.24, -0.3474, -6.35989
54.307, -0.360803, -6.62944
54.374, -0.374206, -6.93216
54.441, -0.387598, -7.18413
54.508, -0.401, -7.4185
54.575, -0.414404, -7.701719999999999
54.642, -0.427807, -7.98102
54.709, -0.441198, -8.23884
54.776, -0.454602, -8.51618
54.843, -0.468005, -8.78182
54.91, -0.481396, -9.02007
54.977, -0.4948, -9.348230000000001
55.044, -0.508203, -9.55917
55.111, -0.521605, -9.82089
55.178, -0.534997, -10.0904
55.245, -0.5484, -10.3619
55.312, -0.561804, -10.6373
55.379, -0.575207, -10.9068
55.446, -0.588598, -11.1646
55.513, -0.602001, -11.4459
55.58, -0.615405, -11.6783
55.647, -0.628796, -11.9342
55.714, -0.6422, -12.1998
55.781, -0.655602, -12.4889
55.848, -0.669005, -12.8658
55.915, -0.682397, -13.1236
55.982, -0.6958, -13.358
56.049, -0.709204, -13.641200000000001
56.116, -0.722607, -13.8795
56.183, -0.735998, -14.1803
56.25, -0.749401, -14.4752
56.317, -0.762805, -14.7271
56.384, -0.776196, -15.0045
56.451, -0.789599, -15.2292
56.518, -0.803002, -15.5163
56.585, -0.816405, -15.789699999999998
56.652, -0.829797, -15.920600000000002
56.719, -0.8432, -16.235
56.786, -0.856604, -16.5104
56.853, -0.870007, -16.7975
56.92, -0.883398, -17.0534
56.987, -0.896801, -17.3171
57.054, -0.910205, -17.586599999999997
57.121, -0.923595, -17.8542
57.188, -0.936999, -18.1315
57.255, -0.950402, -18.377599999999997
57.322, -0.963805, -18.6784
57.389, -0.977197, -19.0241
57.456, -0.9906, -19.2546
57.523, -1.004, -19.5299
57.59, -1.01741, -19.8034
57.657, -1.0308, -20.0671
57.724, -1.0442, -20.322999999999997
57.791, -1.0576, -20.5612
57.858, -1.071, -20.854200000000002
57.925, -1.0844, -21.1042
57.992, -1.0978, -21.3796
58.059, -1.11121, -21.612
58.126, -1.1246, -21.8972
58.193, -1.138, -22.1472
58.26, -1.1514, -22.4167
58.327, -1.16481, -22.7039
58.394, -1.1782, -22.985100000000003
58.461, -1.1916, -23.238999999999997
58.528, -1.205, -23.5124
58.595, -1.21841, -23.7898
58.662, -1.2318, -24.0105
58.729, -1.2452, -24.3015
58.796, -1.25861, -24.596500000000002
58.863, -1.272, -24.8249
58.93, -1.2854, -25.2254
58.997, -1.2988, -25.487
59.064, -1.31221, -25.7332
59.131, -1.3256, -26.0066
59.198, -1.339, -26.272199999999998
59.265, -1.3524, -26.5652
59.332, -1.36581, -26.8191
59.399, -1.3792, -27.071099999999998
59.466, -1.3926, -27.336699999999997
59.533, -1.406, -27.5965
59.6, -1.4194, -27.8952
59.667, -1.4328, -28.1629
59.734, -1.4462, -28.364099999999997
59.801, -1.45961, -28.6844
59.868, -1.473, -28.895300000000002
59.935, -1.4864, -29.201999999999998
60.002, -1.4998, -29.4442
60.011, -1.5, -29.4618
